version https://git-lfs.github.com/spec/v1
oid sha256:116088ced2b6503c729c17e0557115214498fa5bf7d4fd1272cef665443fc3dc
size 30818
