version https://git-lfs.github.com/spec/v1
oid sha256:cdcb2666d083be74b51644a28f7a46c4ee61ccc26457d8cce6fa52cb6283a61f
size 27352
