version https://git-lfs.github.com/spec/v1
oid sha256:23069207272123cae8e5b4607904f3454877452a0026400332c00dbc63dfb192
size 52736
