version https://git-lfs.github.com/spec/v1
oid sha256:fa589c15d0794c30a5407c374dedd5408a73e82495f6e89ae78c652a52d5570f
size 128731
