version https://git-lfs.github.com/spec/v1
oid sha256:b694c2ecc198776f49f0295ddd1911c7dfca6243fb9840b3999619bb664dde1f
size 39351
