version https://git-lfs.github.com/spec/v1
oid sha256:ab4ffd7731aab3bdb90b8008bddcd286f7e849ca42562112ebf328a49b214df6
size 3332
