version https://git-lfs.github.com/spec/v1
oid sha256:9dea0d10813412c4bd0327cee826dead58e533bda970366744f0cd86866d4e3b
size 5232
